31.0 51.0
31.0 51.0
31.0 51.0
31.0 51.0
31.0 51.0
31.0 51.0
31.0 51.0
31.0 51.0
31.0 51.0
31.0 50.0
31.0 50.0
31.0 50.0
31.0 50.0
31.0 50.0
31.0 50.0
31.0 50.0
31.0 50.0
31.0 49.0
31.0 49.0
31.0 49.0
31.0 50.0
31.0 49.0
31.0 49.0
31.0 49.0
31.0 49.0
31.0 49.0
31.0 49.0
31.0 49.0
31.0 49.0
31.0 49.0
31.0 49.0
31.0 49.0
31.0 49.0
31.0 49.0
31.0 49.0
31.0 49.0
31.0 49.0
31.0 49.0
31.0 49.0
31.0 49.0
31.0 49.0
31.0 49.0
31.0 49.0
31.0 49.0
31.0 49.0
31.0 49.0
31.0 49.0
31.0 49.0
31.0 49.0
31.0 49.0
31.0 49.0
31.0 49.0
31.0 49.0
31.0 49.0
31.0 49.0
31.0 49.0
31.0 49.0
31.0 49.0
31.0 49.0
31.0 49.0
31.0 49.0
31.0 49.0
31.0 49.0
31.0 49.0
31.0 49.0
31.0 49.0
31.0 49.0
31.0 49.0
31.0 50.0
31.0 49.0
31.0 49.0
31.0 49.0
31.0 49.0
31.0 49.0
31.0 49.0
31.0 50.0
31.0 50.0
31.0 49.0
31.0 49.0
31.0 50.0
31.0 49.0
31.0 50.0
31.0 49.0
31.0 49.0
31.0 49.0
31.0 49.0
31.0 49.0
31.0 49.0
31.0 49.0
31.0 49.0
31.0 49.0
31.0 49.0
31.0 49.0
31.0 49.0
31.0 49.0
31.0 49.0
